  -0.0000000000000000        1.0000000000000002E-002   4.0000000000000008E-002   9.0000000000000024E-002  0.16000000000000003       0.25000000000000000       0.36000000000000010       0.49000000000000010       0.64000000000000012       0.81000000000000005        1.0000000000000000     
  -1.0000000000000002E-002   0.0000000000000000        0.0000000000000000        0.0000000000000000        0.0000000000000000        0.0000000000000000        0.0000000000000000        0.0000000000000000        0.0000000000000000        0.0000000000000000       0.98999999999999999     
  -4.0000000000000008E-002   0.0000000000000000        0.0000000000000000        0.0000000000000000        0.0000000000000000        0.0000000000000000        0.0000000000000000        0.0000000000000000        0.0000000000000000        0.0000000000000000       0.95999999999999996     
  -9.0000000000000024E-002   0.0000000000000000        0.0000000000000000        0.0000000000000000        0.0000000000000000        0.0000000000000000        0.0000000000000000        0.0000000000000000        0.0000000000000000        0.0000000000000000       0.90999999999999992     
 -0.16000000000000003        0.0000000000000000        0.0000000000000000        0.0000000000000000        0.0000000000000000        0.0000000000000000        0.0000000000000000        0.0000000000000000        0.0000000000000000        0.0000000000000000       0.83999999999999997     
 -0.25000000000000000        0.0000000000000000        0.0000000000000000        0.0000000000000000        0.0000000000000000        0.0000000000000000        0.0000000000000000        0.0000000000000000        0.0000000000000000        0.0000000000000000       0.75000000000000000     
 -0.36000000000000010        0.0000000000000000        0.0000000000000000        0.0000000000000000        0.0000000000000000        0.0000000000000000        0.0000000000000000        0.0000000000000000        0.0000000000000000        0.0000000000000000       0.63999999999999990     
 -0.49000000000000010        0.0000000000000000        0.0000000000000000        0.0000000000000000        0.0000000000000000        0.0000000000000000        0.0000000000000000        0.0000000000000000        0.0000000000000000        0.0000000000000000       0.50999999999999990     
 -0.64000000000000012        0.0000000000000000        0.0000000000000000        0.0000000000000000        0.0000000000000000        0.0000000000000000        0.0000000000000000        0.0000000000000000        0.0000000000000000        0.0000000000000000       0.35999999999999988     
 -0.81000000000000005        0.0000000000000000        0.0000000000000000        0.0000000000000000        0.0000000000000000        0.0000000000000000        0.0000000000000000        0.0000000000000000        0.0000000000000000        0.0000000000000000       0.18999999999999995     
  -1.0000000000000000      -0.98999999999999999      -0.95999999999999996      -0.90999999999999992      -0.83999999999999997      -0.75000000000000000      -0.63999999999999990      -0.50999999999999990      -0.35999999999999988      -0.18999999999999995        0.0000000000000000     
  -0.0000000000000000        1.0000000000000002E-002   4.0000000000000008E-002   9.0000000000000024E-002  0.16000000000000003       0.25000000000000000       0.36000000000000010       0.49000000000000010       0.64000000000000012       0.81000000000000005        1.0000000000000000     
  -1.0000000000000002E-002   0.0000000000000000        0.0000000000000000        0.0000000000000000        0.0000000000000000        0.0000000000000000        0.0000000000000000        0.0000000000000000        0.0000000000000000        0.0000000000000000       0.98999999999999999     
  -4.0000000000000008E-002   0.0000000000000000        0.0000000000000000        0.0000000000000000        0.0000000000000000        0.0000000000000000        0.0000000000000000        0.0000000000000000        0.0000000000000000        0.0000000000000000       0.95999999999999996     
  -9.0000000000000024E-002   0.0000000000000000        0.0000000000000000        0.0000000000000000        0.0000000000000000        0.0000000000000000        0.0000000000000000        0.0000000000000000        0.0000000000000000        0.0000000000000000       0.90999999999999992     
 -0.16000000000000003        0.0000000000000000        0.0000000000000000        0.0000000000000000        0.0000000000000000        0.0000000000000000        0.0000000000000000        0.0000000000000000        0.0000000000000000        0.0000000000000000       0.83999999999999997     
 -0.25000000000000000        0.0000000000000000        0.0000000000000000        0.0000000000000000        0.0000000000000000        0.0000000000000000        0.0000000000000000        0.0000000000000000        0.0000000000000000        0.0000000000000000       0.75000000000000000     
 -0.36000000000000010        0.0000000000000000        0.0000000000000000        0.0000000000000000        0.0000000000000000        0.0000000000000000        0.0000000000000000        0.0000000000000000        0.0000000000000000        0.0000000000000000       0.63999999999999990     
 -0.49000000000000010        0.0000000000000000        0.0000000000000000        0.0000000000000000        0.0000000000000000        0.0000000000000000        0.0000000000000000        0.0000000000000000        0.0000000000000000        0.0000000000000000       0.50999999999999990     
 -0.64000000000000012        0.0000000000000000        0.0000000000000000        0.0000000000000000        0.0000000000000000        0.0000000000000000        0.0000000000000000        0.0000000000000000        0.0000000000000000        0.0000000000000000       0.35999999999999988     
 -0.81000000000000005        0.0000000000000000        0.0000000000000000        0.0000000000000000        0.0000000000000000        0.0000000000000000        0.0000000000000000        0.0000000000000000        0.0000000000000000        0.0000000000000000       0.18999999999999995     
  -1.0000000000000000      -0.98999999999999999      -0.95999999999999996      -0.90999999999999992      -0.83999999999999997      -0.75000000000000000      -0.63999999999999990      -0.50999999999999990      -0.35999999999999988      -0.18999999999999995        0.0000000000000000     
  -0.0000000000000000        1.0000000000000002E-002   4.0000000000000008E-002   9.0000000000000024E-002  0.16000000000000003       0.25000000000000000       0.36000000000000010       0.49000000000000010       0.64000000000000012       0.81000000000000005        1.0000000000000000     
  -1.0000000000000002E-002   0.0000000000000000        0.0000000000000000        0.0000000000000000        0.0000000000000000        0.0000000000000000        0.0000000000000000        0.0000000000000000        0.0000000000000000        0.0000000000000000       0.98999999999999999     
  -4.0000000000000008E-002   0.0000000000000000        0.0000000000000000        0.0000000000000000        0.0000000000000000        0.0000000000000000        0.0000000000000000        0.0000000000000000        0.0000000000000000        0.0000000000000000       0.95999999999999996     
  -9.0000000000000024E-002   0.0000000000000000        0.0000000000000000        0.0000000000000000        0.0000000000000000        0.0000000000000000        0.0000000000000000        0.0000000000000000        0.0000000000000000        0.0000000000000000       0.90999999999999992     
 -0.16000000000000003        0.0000000000000000        0.0000000000000000        0.0000000000000000        0.0000000000000000        0.0000000000000000        0.0000000000000000        0.0000000000000000        0.0000000000000000        0.0000000000000000       0.83999999999999997     
 -0.25000000000000000        0.0000000000000000        0.0000000000000000        0.0000000000000000        0.0000000000000000        0.0000000000000000        0.0000000000000000        0.0000000000000000        0.0000000000000000        0.0000000000000000       0.75000000000000000     
 -0.36000000000000010        0.0000000000000000        0.0000000000000000        0.0000000000000000        0.0000000000000000        0.0000000000000000        0.0000000000000000        0.0000000000000000        0.0000000000000000        0.0000000000000000       0.63999999999999990     
 -0.49000000000000010        0.0000000000000000        0.0000000000000000        0.0000000000000000        0.0000000000000000        0.0000000000000000        0.0000000000000000        0.0000000000000000        0.0000000000000000        0.0000000000000000       0.50999999999999990     
 -0.64000000000000012        0.0000000000000000        0.0000000000000000        0.0000000000000000        0.0000000000000000        0.0000000000000000        0.0000000000000000        0.0000000000000000        0.0000000000000000        0.0000000000000000       0.35999999999999988     
 -0.81000000000000005        0.0000000000000000        0.0000000000000000        0.0000000000000000        0.0000000000000000        0.0000000000000000        0.0000000000000000        0.0000000000000000        0.0000000000000000        0.0000000000000000       0.18999999999999995     
  -1.0000000000000000      -0.98999999999999999      -0.95999999999999996      -0.90999999999999992      -0.83999999999999997      -0.75000000000000000      -0.63999999999999990      -0.50999999999999990      -0.35999999999999988      -0.18999999999999995        0.0000000000000000     
  -0.0000000000000000        1.0000000000000002E-002   4.0000000000000008E-002   9.0000000000000024E-002  0.16000000000000003       0.25000000000000000       0.36000000000000010       0.49000000000000010       0.64000000000000012       0.81000000000000005        1.0000000000000000     
  -1.0000000000000002E-002   0.0000000000000000        0.0000000000000000        0.0000000000000000        0.0000000000000000        0.0000000000000000        0.0000000000000000        0.0000000000000000        0.0000000000000000        0.0000000000000000       0.98999999999999999     
  -4.0000000000000008E-002   0.0000000000000000        0.0000000000000000        0.0000000000000000        0.0000000000000000        0.0000000000000000        0.0000000000000000        0.0000000000000000        0.0000000000000000        0.0000000000000000       0.95999999999999996     
  -9.0000000000000024E-002   0.0000000000000000        0.0000000000000000        0.0000000000000000        0.0000000000000000        0.0000000000000000        0.0000000000000000        0.0000000000000000        0.0000000000000000        0.0000000000000000       0.90999999999999992     
 -0.16000000000000003        0.0000000000000000        0.0000000000000000        0.0000000000000000        0.0000000000000000        0.0000000000000000        0.0000000000000000        0.0000000000000000        0.0000000000000000        0.0000000000000000       0.83999999999999997     
 -0.25000000000000000        0.0000000000000000        0.0000000000000000        0.0000000000000000        0.0000000000000000        0.0000000000000000        0.0000000000000000        0.0000000000000000        0.0000000000000000        0.0000000000000000       0.75000000000000000     
 -0.36000000000000010        0.0000000000000000        0.0000000000000000        0.0000000000000000        0.0000000000000000        0.0000000000000000        0.0000000000000000        0.0000000000000000        0.0000000000000000        0.0000000000000000       0.63999999999999990     
 -0.49000000000000010        0.0000000000000000        0.0000000000000000        0.0000000000000000        0.0000000000000000        0.0000000000000000        0.0000000000000000        0.0000000000000000        0.0000000000000000        0.0000000000000000       0.50999999999999990     
 -0.64000000000000012        0.0000000000000000        0.0000000000000000        0.0000000000000000        0.0000000000000000        0.0000000000000000        0.0000000000000000        0.0000000000000000        0.0000000000000000        0.0000000000000000       0.35999999999999988     
 -0.81000000000000005        0.0000000000000000        0.0000000000000000        0.0000000000000000        0.0000000000000000        0.0000000000000000        0.0000000000000000        0.0000000000000000        0.0000000000000000        0.0000000000000000       0.18999999999999995     
  -1.0000000000000000      -0.98999999999999999      -0.95999999999999996      -0.90999999999999992      -0.83999999999999997      -0.75000000000000000      -0.63999999999999990      -0.50999999999999990      -0.35999999999999988      -0.18999999999999995        0.0000000000000000     
  -0.0000000000000000        1.0000000000000002E-002   4.0000000000000008E-002   9.0000000000000024E-002  0.16000000000000003       0.25000000000000000       0.36000000000000010       0.49000000000000010       0.64000000000000012       0.81000000000000005        1.0000000000000000     
  -1.0000000000000002E-002   0.0000000000000000        0.0000000000000000        0.0000000000000000        0.0000000000000000        0.0000000000000000        0.0000000000000000        0.0000000000000000        0.0000000000000000        0.0000000000000000       0.98999999999999999     
  -4.0000000000000008E-002   0.0000000000000000        0.0000000000000000        0.0000000000000000        0.0000000000000000        0.0000000000000000        0.0000000000000000        0.0000000000000000        0.0000000000000000        0.0000000000000000       0.95999999999999996     
  -9.0000000000000024E-002   0.0000000000000000        0.0000000000000000        0.0000000000000000        0.0000000000000000        0.0000000000000000        0.0000000000000000        0.0000000000000000        0.0000000000000000        0.0000000000000000       0.90999999999999992     
 -0.16000000000000003        0.0000000000000000        0.0000000000000000        0.0000000000000000        0.0000000000000000        0.0000000000000000        0.0000000000000000        0.0000000000000000        0.0000000000000000        0.0000000000000000       0.83999999999999997     
 -0.25000000000000000        0.0000000000000000        0.0000000000000000        0.0000000000000000        0.0000000000000000        0.0000000000000000        0.0000000000000000        0.0000000000000000        0.0000000000000000        0.0000000000000000       0.75000000000000000     
 -0.36000000000000010        0.0000000000000000        0.0000000000000000        0.0000000000000000        0.0000000000000000        0.0000000000000000        0.0000000000000000        0.0000000000000000        0.0000000000000000        0.0000000000000000       0.63999999999999990     
 -0.49000000000000010        0.0000000000000000        0.0000000000000000        0.0000000000000000        0.0000000000000000        0.0000000000000000        0.0000000000000000        0.0000000000000000        0.0000000000000000        0.0000000000000000       0.50999999999999990     
 -0.64000000000000012        0.0000000000000000        0.0000000000000000        0.0000000000000000        0.0000000000000000        0.0000000000000000        0.0000000000000000        0.0000000000000000        0.0000000000000000        0.0000000000000000       0.35999999999999988     
 -0.81000000000000005        0.0000000000000000        0.0000000000000000        0.0000000000000000        0.0000000000000000        0.0000000000000000        0.0000000000000000        0.0000000000000000        0.0000000000000000        0.0000000000000000       0.18999999999999995     
  -1.0000000000000000      -0.98999999999999999      -0.95999999999999996      -0.90999999999999992      -0.83999999999999997      -0.75000000000000000      -0.63999999999999990      -0.50999999999999990      -0.35999999999999988      -0.18999999999999995        0.0000000000000000     
  -0.0000000000000000        1.0000000000000002E-002   4.0000000000000008E-002   9.0000000000000024E-002  0.16000000000000003       0.25000000000000000       0.36000000000000010       0.49000000000000010       0.64000000000000012       0.81000000000000005        1.0000000000000000     
  -1.0000000000000002E-002   0.0000000000000000        0.0000000000000000        0.0000000000000000        0.0000000000000000        0.0000000000000000        0.0000000000000000        0.0000000000000000        0.0000000000000000        0.0000000000000000       0.98999999999999999     
  -4.0000000000000008E-002   0.0000000000000000        0.0000000000000000        0.0000000000000000        0.0000000000000000        0.0000000000000000        0.0000000000000000        0.0000000000000000        0.0000000000000000        0.0000000000000000       0.95999999999999996     
  -9.0000000000000024E-002   0.0000000000000000        0.0000000000000000        0.0000000000000000        0.0000000000000000        0.0000000000000000        0.0000000000000000        0.0000000000000000        0.0000000000000000        0.0000000000000000       0.90999999999999992     
 -0.16000000000000003        0.0000000000000000        0.0000000000000000        0.0000000000000000        0.0000000000000000        0.0000000000000000        0.0000000000000000        0.0000000000000000        0.0000000000000000        0.0000000000000000       0.83999999999999997     
 -0.25000000000000000        0.0000000000000000        0.0000000000000000        0.0000000000000000        0.0000000000000000        0.0000000000000000        0.0000000000000000        0.0000000000000000        0.0000000000000000        0.0000000000000000       0.75000000000000000     
 -0.36000000000000010        0.0000000000000000        0.0000000000000000        0.0000000000000000        0.0000000000000000        0.0000000000000000        0.0000000000000000        0.0000000000000000        0.0000000000000000        0.0000000000000000       0.63999999999999990     
 -0.49000000000000010        0.0000000000000000        0.0000000000000000        0.0000000000000000        0.0000000000000000        0.0000000000000000        0.0000000000000000        0.0000000000000000        0.0000000000000000        0.0000000000000000       0.50999999999999990     
 -0.64000000000000012        0.0000000000000000        0.0000000000000000        0.0000000000000000        0.0000000000000000        0.0000000000000000        0.0000000000000000        0.0000000000000000        0.0000000000000000        0.0000000000000000       0.35999999999999988     
 -0.81000000000000005        0.0000000000000000        0.0000000000000000        0.0000000000000000        0.0000000000000000        0.0000000000000000        0.0000000000000000        0.0000000000000000        0.0000000000000000        0.0000000000000000       0.18999999999999995     
  -1.0000000000000000      -0.98999999999999999      -0.95999999999999996      -0.90999999999999992      -0.83999999999999997      -0.75000000000000000      -0.63999999999999990      -0.50999999999999990      -0.35999999999999988      -0.18999999999999995        0.0000000000000000     
  -0.0000000000000000        1.0000000000000002E-002   4.0000000000000008E-002   9.0000000000000024E-002  0.16000000000000003       0.25000000000000000       0.36000000000000010       0.49000000000000010       0.64000000000000012       0.81000000000000005        1.0000000000000000     
  -1.0000000000000002E-002   0.0000000000000000        0.0000000000000000        0.0000000000000000        0.0000000000000000        0.0000000000000000        0.0000000000000000        0.0000000000000000        0.0000000000000000        0.0000000000000000       0.98999999999999999     
  -4.0000000000000008E-002   0.0000000000000000        0.0000000000000000        0.0000000000000000        0.0000000000000000        0.0000000000000000        0.0000000000000000        0.0000000000000000        0.0000000000000000        0.0000000000000000       0.95999999999999996     
  -9.0000000000000024E-002   0.0000000000000000        0.0000000000000000        0.0000000000000000        0.0000000000000000        0.0000000000000000        0.0000000000000000        0.0000000000000000        0.0000000000000000        0.0000000000000000       0.90999999999999992     
 -0.16000000000000003        0.0000000000000000        0.0000000000000000        0.0000000000000000        0.0000000000000000        0.0000000000000000        0.0000000000000000        0.0000000000000000        0.0000000000000000        0.0000000000000000       0.83999999999999997     
 -0.25000000000000000        0.0000000000000000        0.0000000000000000        0.0000000000000000        0.0000000000000000        0.0000000000000000        0.0000000000000000        0.0000000000000000        0.0000000000000000        0.0000000000000000       0.75000000000000000     
 -0.36000000000000010        0.0000000000000000        0.0000000000000000        0.0000000000000000        0.0000000000000000        0.0000000000000000        0.0000000000000000        0.0000000000000000        0.0000000000000000        0.0000000000000000       0.63999999999999990     
 -0.49000000000000010        0.0000000000000000        0.0000000000000000        0.0000000000000000        0.0000000000000000        0.0000000000000000        0.0000000000000000        0.0000000000000000        0.0000000000000000        0.0000000000000000       0.50999999999999990     
 -0.64000000000000012        0.0000000000000000        0.0000000000000000        0.0000000000000000        0.0000000000000000        0.0000000000000000        0.0000000000000000        0.0000000000000000        0.0000000000000000        0.0000000000000000       0.35999999999999988     
 -0.81000000000000005        0.0000000000000000        0.0000000000000000        0.0000000000000000        0.0000000000000000        0.0000000000000000        0.0000000000000000        0.0000000000000000        0.0000000000000000        0.0000000000000000       0.18999999999999995     
  -1.0000000000000000      -0.98999999999999999      -0.95999999999999996      -0.90999999999999992      -0.83999999999999997      -0.75000000000000000      -0.63999999999999990      -0.50999999999999990      -0.35999999999999988      -0.18999999999999995        0.0000000000000000     
  -0.0000000000000000        1.0000000000000002E-002   4.0000000000000008E-002   9.0000000000000024E-002  0.16000000000000003       0.25000000000000000       0.36000000000000010       0.49000000000000010       0.64000000000000012       0.81000000000000005        1.0000000000000000     
  -1.0000000000000002E-002   0.0000000000000000        0.0000000000000000        0.0000000000000000        0.0000000000000000        0.0000000000000000        0.0000000000000000        0.0000000000000000        0.0000000000000000        0.0000000000000000       0.98999999999999999     
  -4.0000000000000008E-002   0.0000000000000000        0.0000000000000000        0.0000000000000000        0.0000000000000000        0.0000000000000000        0.0000000000000000        0.0000000000000000        0.0000000000000000        0.0000000000000000       0.95999999999999996     
  -9.0000000000000024E-002   0.0000000000000000        0.0000000000000000        0.0000000000000000        0.0000000000000000        0.0000000000000000        0.0000000000000000        0.0000000000000000        0.0000000000000000        0.0000000000000000       0.90999999999999992     
 -0.16000000000000003        0.0000000000000000        0.0000000000000000        0.0000000000000000        0.0000000000000000        0.0000000000000000        0.0000000000000000        0.0000000000000000        0.0000000000000000        0.0000000000000000       0.83999999999999997     
 -0.25000000000000000        0.0000000000000000        0.0000000000000000        0.0000000000000000        0.0000000000000000        0.0000000000000000        0.0000000000000000        0.0000000000000000        0.0000000000000000        0.0000000000000000       0.75000000000000000     
 -0.36000000000000010        0.0000000000000000        0.0000000000000000        0.0000000000000000        0.0000000000000000        0.0000000000000000        0.0000000000000000        0.0000000000000000        0.0000000000000000        0.0000000000000000       0.63999999999999990     
 -0.49000000000000010        0.0000000000000000        0.0000000000000000        0.0000000000000000        0.0000000000000000        0.0000000000000000        0.0000000000000000        0.0000000000000000        0.0000000000000000        0.0000000000000000       0.50999999999999990     
 -0.64000000000000012        0.0000000000000000        0.0000000000000000        0.0000000000000000        0.0000000000000000        0.0000000000000000        0.0000000000000000        0.0000000000000000        0.0000000000000000        0.0000000000000000       0.35999999999999988     
 -0.81000000000000005        0.0000000000000000        0.0000000000000000        0.0000000000000000        0.0000000000000000        0.0000000000000000        0.0000000000000000        0.0000000000000000        0.0000000000000000        0.0000000000000000       0.18999999999999995     
  -1.0000000000000000      -0.98999999999999999      -0.95999999999999996      -0.90999999999999992      -0.83999999999999997      -0.75000000000000000      -0.63999999999999990      -0.50999999999999990      -0.35999999999999988      -0.18999999999999995        0.0000000000000000     
  -0.0000000000000000        1.0000000000000002E-002   4.0000000000000008E-002   9.0000000000000024E-002  0.16000000000000003       0.25000000000000000       0.36000000000000010       0.49000000000000010       0.64000000000000012       0.81000000000000005        1.0000000000000000     
  -1.0000000000000002E-002   0.0000000000000000        0.0000000000000000        0.0000000000000000        0.0000000000000000        0.0000000000000000        0.0000000000000000        0.0000000000000000        0.0000000000000000        0.0000000000000000       0.98999999999999999     
  -4.0000000000000008E-002   0.0000000000000000        0.0000000000000000        0.0000000000000000        0.0000000000000000        0.0000000000000000        0.0000000000000000        0.0000000000000000        0.0000000000000000        0.0000000000000000       0.95999999999999996     
  -9.0000000000000024E-002   0.0000000000000000        0.0000000000000000        0.0000000000000000        0.0000000000000000        0.0000000000000000        0.0000000000000000        0.0000000000000000        0.0000000000000000        0.0000000000000000       0.90999999999999992     
 -0.16000000000000003        0.0000000000000000        0.0000000000000000        0.0000000000000000        0.0000000000000000        0.0000000000000000        0.0000000000000000        0.0000000000000000        0.0000000000000000        0.0000000000000000       0.83999999999999997     
 -0.25000000000000000        0.0000000000000000        0.0000000000000000        0.0000000000000000        0.0000000000000000        0.0000000000000000        0.0000000000000000        0.0000000000000000        0.0000000000000000        0.0000000000000000       0.75000000000000000     
 -0.36000000000000010        0.0000000000000000        0.0000000000000000        0.0000000000000000        0.0000000000000000        0.0000000000000000        0.0000000000000000        0.0000000000000000        0.0000000000000000        0.0000000000000000       0.63999999999999990     
 -0.49000000000000010        0.0000000000000000        0.0000000000000000        0.0000000000000000        0.0000000000000000        0.0000000000000000        0.0000000000000000        0.0000000000000000        0.0000000000000000        0.0000000000000000       0.50999999999999990     
 -0.64000000000000012        0.0000000000000000        0.0000000000000000        0.0000000000000000        0.0000000000000000        0.0000000000000000        0.0000000000000000        0.0000000000000000        0.0000000000000000        0.0000000000000000       0.35999999999999988     
 -0.81000000000000005        0.0000000000000000        0.0000000000000000        0.0000000000000000        0.0000000000000000        0.0000000000000000        0.0000000000000000        0.0000000000000000        0.0000000000000000        0.0000000000000000       0.18999999999999995     
  -1.0000000000000000      -0.98999999999999999      -0.95999999999999996      -0.90999999999999992      -0.83999999999999997      -0.75000000000000000      -0.63999999999999990      -0.50999999999999990      -0.35999999999999988      -0.18999999999999995        0.0000000000000000     
  -0.0000000000000000        1.0000000000000002E-002   4.0000000000000008E-002   9.0000000000000024E-002  0.16000000000000003       0.25000000000000000       0.36000000000000010       0.49000000000000010       0.64000000000000012       0.81000000000000005        1.0000000000000000     
  -1.0000000000000002E-002   0.0000000000000000        0.0000000000000000        0.0000000000000000        0.0000000000000000        0.0000000000000000        0.0000000000000000        0.0000000000000000        0.0000000000000000        0.0000000000000000       0.98999999999999999     
  -4.0000000000000008E-002   0.0000000000000000        0.0000000000000000        0.0000000000000000        0.0000000000000000        0.0000000000000000        0.0000000000000000        0.0000000000000000        0.0000000000000000        0.0000000000000000       0.95999999999999996     
  -9.0000000000000024E-002   0.0000000000000000        0.0000000000000000        0.0000000000000000        0.0000000000000000        0.0000000000000000        0.0000000000000000        0.0000000000000000        0.0000000000000000        0.0000000000000000       0.90999999999999992     
 -0.16000000000000003        0.0000000000000000        0.0000000000000000        0.0000000000000000        0.0000000000000000        0.0000000000000000        0.0000000000000000        0.0000000000000000        0.0000000000000000        0.0000000000000000       0.83999999999999997     
 -0.25000000000000000        0.0000000000000000        0.0000000000000000        0.0000000000000000        0.0000000000000000        0.0000000000000000        0.0000000000000000        0.0000000000000000        0.0000000000000000        0.0000000000000000       0.75000000000000000     
 -0.36000000000000010        0.0000000000000000        0.0000000000000000        0.0000000000000000        0.0000000000000000        0.0000000000000000        0.0000000000000000        0.0000000000000000        0.0000000000000000        0.0000000000000000       0.63999999999999990     
 -0.49000000000000010        0.0000000000000000        0.0000000000000000        0.0000000000000000        0.0000000000000000        0.0000000000000000        0.0000000000000000        0.0000000000000000        0.0000000000000000        0.0000000000000000       0.50999999999999990     
 -0.64000000000000012        0.0000000000000000        0.0000000000000000        0.0000000000000000        0.0000000000000000        0.0000000000000000        0.0000000000000000        0.0000000000000000        0.0000000000000000        0.0000000000000000       0.35999999999999988     
 -0.81000000000000005        0.0000000000000000        0.0000000000000000        0.0000000000000000        0.0000000000000000        0.0000000000000000        0.0000000000000000        0.0000000000000000        0.0000000000000000        0.0000000000000000       0.18999999999999995     
  -1.0000000000000000      -0.98999999999999999      -0.95999999999999996      -0.90999999999999992      -0.83999999999999997      -0.75000000000000000      -0.63999999999999990      -0.50999999999999990      -0.35999999999999988      -0.18999999999999995        0.0000000000000000     
  -0.0000000000000000        1.0000000000000002E-002   4.0000000000000008E-002   9.0000000000000024E-002  0.16000000000000003       0.25000000000000000       0.36000000000000010       0.49000000000000010       0.64000000000000012       0.81000000000000005        1.0000000000000000     
  -1.0000000000000002E-002   0.0000000000000000        2.5000000000000005E-003   5.7812500000000017E-003   1.0361328125000003E-002   1.6272583007812501E-002   2.3517036437988286E-002   3.2094814777374275E-002   4.2005925923585902E-002  0.11512537037022412       0.98999999999999999     
  -4.0000000000000008E-002  -2.5000000000000005E-003   0.0000000000000000        3.6132812500000010E-004   6.7016601562500024E-004   1.0589218139648439E-003   1.5359973907470707E-003   2.1019257605075841E-003   2.7567407302558429E-003   6.7367631943779996E-002  0.95999999999999996     
  -9.0000000000000024E-002  -5.7812500000000017E-003  -3.6132812500000010E-004   0.0000000000000000        4.1885375976562515E-005   6.8800449371337903E-005   1.0029986500740053E-004   1.3763910159468655E-004   1.8089873949065808E-004   6.1096783167704415E-002  0.90999999999999992     
 -0.16000000000000003       -1.0361328125000003E-002  -6.7016601562500024E-004  -4.1885375976562515E-005   0.0000000000000000        4.3000280857086189E-006   6.5374933183193215E-006   9.0110371820628661E-006   1.1869361042045059E-005   5.6319290783046649E-002  0.83999999999999997     
 -0.25000000000000000       -1.6272583007812501E-002  -1.0589218139648439E-003  -6.8800449371337903E-005  -4.3000280857086189E-006   0.0000000000000000        4.0859333239495759E-007   5.8872690715361393E-007   7.7863049682491705E-007   5.0395004338346469E-002  0.75000000000000000     
 -0.36000000000000010       -2.3517036437988286E-002  -1.5359973907470707E-003  -1.0029986500740053E-004  -6.5374933183193215E-006  -4.0859333239495759E-007   0.0000000000000000        3.6795431697100871E-008   5.0964120532626120E-008   4.3149690956404176E-002  0.63999999999999990     
 -0.49000000000000010       -3.2094814777374275E-002  -2.1019257605075841E-003  -1.3763910159468655E-004  -9.0110371820628661E-006  -5.8872690715361393E-007  -3.6795431697100871E-008   0.0000000000000000        3.1852575332891325E-009   3.4571855883853850E-002  0.50999999999999990     
 -0.64000000000000012       -4.2005925923585902E-002  -2.7567407302558429E-003  -1.8089873949065808E-004  -1.1869361042045059E-005  -7.7863049682491705E-007  -5.0964120532626120E-008  -3.1852575332891325E-009   0.0000000000000000        2.4660740992740859E-002  0.35999999999999988     
 -0.81000000000000005      -0.11512537037022412       -6.7367631943779996E-002  -6.1096783167704408E-002  -5.6319290783046649E-002  -5.0395004338346469E-002  -4.3149690956404183E-002  -3.4571855883853850E-002  -2.4660740992740859E-002   0.0000000000000000       0.18999999999999995     
  -1.0000000000000000      -0.98999999999999999      -0.95999999999999996      -0.90999999999999992      -0.83999999999999997      -0.75000000000000000      -0.63999999999999990      -0.50999999999999990      -0.35999999999999988      -0.18999999999999995        0.0000000000000000     
  -0.0000000000000000        1.0000000000000002E-002   4.0000000000000008E-002   9.0000000000000024E-002  0.16000000000000003       0.25000000000000000       0.36000000000000010       0.49000000000000010       0.64000000000000012       0.81000000000000005        1.0000000000000000     
  -1.0000000000000002E-002   0.0000000000000000        4.7363281250000014E-003   1.0927124023437504E-002   1.9512863159179692E-002   3.0584988594055174E-002   4.4151264876127250E-002   6.0212305868044512E-002   8.2635345503222213E-002  0.20821921386810571       0.98999999999999999     
  -4.0000000000000008E-002  -4.7363281250000014E-003   0.0000000000000000        9.9582672119140651E-004   1.8532180786132817E-003   2.9218791425228118E-003   4.2317086458206182E-003   5.7850939669879167E-003   1.1815616182284430E-002  0.12809644978396592       0.95999999999999996     
  -9.0000000000000024E-002  -1.0927124023437502E-002  -9.9582672119140651E-004   3.3881317890172014E-021   1.5154018998146061E-004   2.5022653862833978E-004   3.6435688496567315E-004   4.9943936548515935E-004   4.7246558094002468E-003  0.11451886214930411       0.90999999999999992     
 -0.16000000000000003       -1.9512863159179692E-002  -1.8532180786132817E-003  -1.5154018998146061E-004  -3.1763735522036263E-022   1.9272773060947658E-005   2.9468700522556907E-005   4.0593662508854332E-005   3.8267344511223201E-003  0.10528575564595830       0.83999999999999997     
 -0.25000000000000000       -3.0584988594055180E-002  -2.9218791425228122E-003  -2.5022653862833983E-004  -1.9272773060947662E-005  -1.5550995515996920E-022   2.1850342136531257E-006   3.1661778460545529E-006   3.3896437185873297E-003   9.4160321398819219E-002  0.75000000000000000     
 -0.36000000000000010       -4.4151264876127250E-002  -4.2317086458206182E-003  -3.6435688496567315E-004  -2.9468700522556907E-005  -2.1850342136531257E-006  -6.6174449004242214E-024   2.2866794668452434E-007   2.9087611311026315E-003   8.0589826868164099E-002  0.63999999999999990     
 -0.49000000000000010       -6.0212305868044512E-002  -5.7850939669879167E-003  -4.9943936548515935E-004  -4.0593662508854332E-005  -3.1661778460545525E-006  -2.2866794668452431E-007   1.4217166778255163E-024   2.3425409523779302E-003   6.4528461213720564E-002  0.50999999999999990     
 -0.64000000000000012       -8.2635345503222213E-002  -1.1815616182284430E-002  -4.7246558094002468E-003  -3.8267344511223197E-003  -3.3896437185873297E-003  -2.9087611311026324E-003  -2.3425409523779302E-003   0.0000000000000000        4.5028584570413172E-002  0.35999999999999988     
 -0.81000000000000005      -0.20821921386810571      -0.12809644978396589      -0.11451886214930411      -0.10528575564595830       -9.4160321398819219E-002  -8.0589826868164099E-002  -6.4528461213720564E-002  -4.5028584570413172E-002   0.0000000000000000       0.18999999999999995     
  -1.0000000000000000      -0.98999999999999999      -0.95999999999999996      -0.90999999999999992      -0.83999999999999997      -0.75000000000000000      -0.63999999999999990      -0.50999999999999990      -0.35999999999999988      -0.18999999999999995        0.0000000000000000     
  -0.0000000000000000        1.0000000000000002E-002   4.0000000000000008E-002   9.0000000000000024E-002  0.16000000000000003       0.25000000000000000       0.36000000000000010       0.49000000000000010       0.64000000000000012       0.81000000000000005        1.0000000000000000     
  -1.0000000000000002E-002   0.0000000000000000        6.7351913452148460E-003   1.5523085594177252E-002   2.7632228136062628E-002   4.3232827205210919E-002   6.2343251264537700E-002   8.5206960071955135E-002  0.12105412101006324       0.28423632107570612       0.98999999999999999     
  -4.0000000000000008E-002  -6.7351913452148452E-003   2.7105054312137611E-020   1.8328890204429632E-003   3.4235720895230775E-003   5.3875552618410441E-003   7.7912975705112346E-003   1.0920902549630684E-002   2.5411470208779579E-002  0.18258275317758629       0.95999999999999996     
  -9.0000000000000024E-002  -1.5523085594177250E-002  -1.8328890204429632E-003   2.5410988417629010E-021   3.4326755674555902E-004   5.6982318375958135E-004   8.2889446499166317E-004   1.4067699295220852E-003   1.2616231653220691E-002  0.16154444289177589       0.90999999999999992     
 -0.16000000000000003       -2.7632228136062628E-002  -3.4235720895230779E-003  -3.4326755674555907E-004  -4.8969092263139238E-021   5.1910322563344385E-005   7.9825493159262371E-005   3.6272625010974835E-004   1.0473448167583993E-002  0.14810045501310490       0.83999999999999997     
 -0.25000000000000000       -4.3232827205210933E-002  -5.3875552618410450E-003  -5.6982318375958145E-004  -5.1910322563344392E-005  -6.4602805840391461E-022   6.8257550980721514E-006   2.3733865786840558E-004   9.2784746236513893E-003  0.13236828833067193       0.75000000000000000     
 -0.36000000000000010       -6.2343251264537700E-002  -7.7912975705112346E-003  -8.2889446499166295E-004  -7.9825493159262344E-005  -6.8257550980721497E-006   9.2644228605939100E-023   1.9680273777070322E-004   7.9570486721997312E-003  0.11324573253966008       0.63999999999999990     
